000116.00+141123.0 0.404 0 52170 18.696 0.021 56588 21.009 0.071 52235 56588 21.009 0.071 57989 MMT      0  2.6
000904.54-103428.7 0.241 0 51814 17.795 0.028 55860 19.123 0.022 52141 55860 19.123 0.022 58367 MMT      1  8.2
001113.46-110023.5 0.495 1 51865 19.885 0.031 55829 21.308 0.112 52141 55834 21.233 0.113 57989 MMT      1  2.3
001206.25-094536.3 0.566 0 51865 19.061 0.049 56218 21.638 0.148 52141 56218 21.638 0.148 57597 Magellan 1  2.5
001502.38-094439.1 0.336 1 51865 18.877 0.022 56214 20.349 0.073 52138 56218 20.283 0.055 57595 Magellan 0  2.0
002311.06+003517.5 0.422 0 51081 19.584 0.024 55449 18.079 0.032 55480 56206 18.728 0.016 58037 MMT      1  2.4
002450.50+003447.7 0.524 1 52522 18.766 0.030 55449 19.921 0.133 52203 56206 19.814 0.029 57989 MMT      0  0.4
002627.89-101020.5 0.718 0 51814 19.534 0.026 55829 20.611 0.066 52145 55829 20.583 0.063 57596 Magellan 0  0.7
002714.21+001203.7 0.454 0 51081 18.261 0.007 56206 19.466 0.024 51782 56206 19.466 0.024 57726 MMT      0  2.0
004339.32+134436.5 0.527 0 51464 19.349 0.022 55499 21.997 0.146 51879 55829 21.248 0.104 57597 Magellan 1  3.1
005244.14+142807.1 0.652 0 51464 19.254 0.021 55745 20.478 0.034 51871 55745 20.478 0.034 57597 Magellan 0  0.7
012821.43+151956.4 0.548 0 51464 18.669 0.039 55810 20.190 0.032 51893 55810 20.190 0.032 57597 Magellan 0  2.2
012946.71+150457.2 0.365 0 51465 17.700 0.023 55835 20.474 0.098 51898 56246 20.029 0.101 57597 Magellan 0  5.9
013203.46-093153.6 0.190 1 51814 18.439 0.025 56209 19.479 0.024 52178 56209 19.479 0.024 57726 MMT      0  5.7
013458.36-091435.4 0.443 0 51814 18.605 0.022 56209 19.985 0.036 52178 56209 19.970 0.035 57989 MMT      1  5.5
015957.64+003310.4 0.312 1 51819 19.122 0.026 54424 20.284 0.049 51871 55863 19.942 0.044 55201 BOSS     1 -1.0
022556.07+003026.7 0.504 1 52522 19.974 0.029 55508 21.783 0.134 52944 56214 20.710 0.178 55445 BOSS     1 -1.0
022652.24-003916.5 0.625 0 52288 20.252 0.023 55932 22.002 0.089 52641 56214 21.676 0.186 56577 BOSS     1 -1.0
025428.83-004834.9 0.810 0 52585 19.759 0.027 56214 20.831 0.087 52614 56214 20.831 0.087     0 N/A      0 -1.0
025505.68+002522.9 0.353 0 51075 17.723 0.005 56214 20.775 0.086 52175 56214 20.775 0.086 57597 Magellan 0  4.9
025606.03+001634.8 0.627 0 52585 19.818 0.014 55921 21.531 0.116 52614 55921 21.531 0.116 57598 Magellan 0  0.9
025619.01-004501.3 0.723 0 51081 17.885 0.017 55871 19.885 0.048 52175 56214 19.844 0.050 57598 Magellan 0  3.2
033702.66+010627.5 0.428 0 53699 19.752 0.021 56001 21.656 0.080 52934 56273 21.582 0.185 57597 Magellan 0  4.4
034017.33+003152.6 0.726 0 52225 19.401 0.012 55878 20.514 0.057 52201 55878 20.514 0.057     0 N/A      0 -1.0
034144.72-002854.3 0.623 0 52283 20.595 0.036 56273 19.162 0.027 52201 56273 19.162 0.027 57726 MMT      0 -1.0
034330.48-073703.1 0.742 0 51813 19.772 0.023 56216 20.826 0.092 53729 56216 20.813 0.101 57597 Magellan 0  1.3
074305.47+422013.5 0.342 1 51640 19.431 0.019 56215 20.808 0.102 51885 56326 20.705 0.065 58081 MMT      1  1.3
074502.90+374947.0 0.593 0 51639 20.118 0.020 56300 21.508 0.137 51873 56336 21.677 0.162 58081 MMT      0 -1.0
074511.98+380911.3 0.237 1 51638 18.714 0.015 56336 19.877 0.031 51873 56336 19.875 0.030 58081 MMT      1  3.5
074719.65+215245.9 0.462 0 52614 19.554 0.015 56355 20.816 0.062 52708 56355 20.816 0.062 58081 MMT      0  1.4
074732.62+371722.9 0.395 0 51638 18.633 0.014 56218 19.748 0.028 51873 56336 19.640 0.034     0 N/A      0 -1.0
075228.65+405931.7 0.423 0 51638 18.483 0.022 56336 19.791 0.028 51882 56336 19.790 0.028 58081 MMT      0  3.5
075504.34+430123.8 0.649 0 51640 20.220 0.027 54037 22.720 0.091 51876 56336 21.468 0.106     0 N/A      0 -1.0
075525.67+415217.5 0.560 0 51638 20.257 0.022 56336 21.433 0.132 51876 56336 21.433 0.132     0 N/A      0 -1.0
080014.70+215047.2 0.476 0 52664 20.171 0.024 55958 21.433 0.129 52941 56355 21.719 0.167     0 N/A      0 -1.0
081906.95+313136.7 0.632 0 52288 18.192 0.016 55931 19.451 0.029 52619 56337 19.216 0.018     0 N/A      0 -1.0
082451.13+473221.4 0.285 1 51638 19.008 0.020 56226 20.608 0.056 51868 56226 20.608 0.056 57425 WHT      0  1.2
082708.53+425017.8 0.333 1 51962 18.867 0.017 55928 20.409 0.044 54524 55928 20.409 0.044 57430 MMT      0  1.2
082734.94+493210.0 0.227 0 51638 18.783 0.033 56427 19.852 0.051 51873 56427 19.852 0.051     0 N/A      0 -1.0
083406.94+350602.9 0.470 0 52283 21.182 0.038 56191 19.415 0.011 52668 56337 19.524 0.023 58081 MMT      0  3.2
083528.43+384712.5 0.405 1 52234 18.882 0.019 56336 20.169 0.036 52317 56336 20.117 0.036 58081 MMT      0  2.1
083741.97+041358.7 0.449 1 52338 19.469 0.022 55928 21.048 0.073 52650 56332 20.509 0.069 57430 MMT      0 -1.0
084418.71+303804.2 0.363 1 52639 19.316 0.022 56331 20.351 0.051 52937 56337 20.325 0.060     0 N/A      0 -1.0
084419.29+503152.1 0.323 0 51638 18.230 0.026 56300 19.761 0.027 51873 56300 19.688 0.027     0 N/A      0 -1.0
084455.11+381237.5 0.409 1 52263 19.154 0.021 56030 21.492 0.109 52323 56337 21.310 0.078 58081 MMT      0  1.4
084811.92+340844.6 0.341 1 52621 19.905 0.031 55972 21.206 0.083 52701 56337 21.176 0.107     0 N/A      0 -1.0
084820.15+014620.3 0.572 0 51878 18.786 0.014 56332 19.793 0.037 51901 56332 19.793 0.037     0 N/A      0 -1.0
084955.90+175035.7 0.558 0 53387 19.335 0.015 55945 20.910 0.091 53711 56308 20.484 0.059     0 N/A      0 -1.0
085155.23+150835.5 0.454 0 53439 18.798 0.017 56309 20.585 0.051 53818 56309 20.585 0.051     0 N/A      0 -1.0
085259.22+031320.6 0.297 0 51960 16.214 0.013 56332 17.246 0.007 52225 56332 17.246 0.007     0 N/A      0 -1.0
085353.67+133520.1 0.578 0 53684 19.235 0.019 56309 20.663 0.067 53820 56309 20.663 0.067     0 N/A      0 -1.0
085431.90+253229.4 0.570 0 53082 19.212 0.017 55969 20.700 0.079 53381 55969 20.503 0.061     0 N/A      0 -1.0
085451.72+012609.9 0.542 0 51668 18.342 0.019 56028 19.524 0.023 51912 56028 19.500 0.022     0 N/A      0 -1.0
085626.71+511117.8 0.542 0 51874 19.498 0.023 55889 21.340 0.090 51993 56427 20.756 0.096     0 N/A      0 -1.0
090104.75+345524.2 0.564 1 52585 19.128 0.025 55972 20.989 0.057 52964 55972 20.989 0.057 57430 MMT      1  1.0
090339.98+241257.6 0.605 0 53111 19.394 0.022 56302 20.775 0.074 53401 56302 20.762 0.083     0 N/A      0 -1.0
090345.97+391821.0 0.374 0 52288 19.385 0.033 56336 20.397 0.044 52703 56336 20.397 0.044     0 N/A      0 -1.0
090355.18+594401.3 0.567 0 52936 18.855 0.018 55957 20.350 0.043 54439 56303 20.112 0.042     0 N/A      0 -1.0
090826.12+421529.9 0.593 0 52263 19.507 0.022 55972 21.329 0.124 52668 56338 21.029 0.087     0 N/A      0 -1.0
091234.00+262828.2 0.551 0 53110 18.891 0.029 56302 20.414 0.061 53415 56302 20.221 0.066     0 N/A      0 -1.0
091412.69+340915.5 0.574 0 52639 19.574 0.021 55238 21.128 0.077 52993 56337 20.876 0.056     0 N/A      0 -1.0
091635.00+405514.5 0.529 0 52288 20.038 0.032 56329 21.341 0.145 52708 56338 21.330 0.117     0 N/A      0 -1.0
091730.71+110110.6 0.303 1 52728 18.912 0.025 56309 20.365 0.044 53050 56309 20.365 0.044 57818 MMT      0  1.4
091903.57+350236.3 0.211 0 52664 17.705 0.017 56331 19.177 0.023 52995 56331 19.177 0.023 58125 MMT      0  1.7
092109.11+392315.8 0.329 1 52288 19.397 0.027 56283 20.550 0.065 52708 56335 20.548 0.046 57430 MMT      1 -1.0
092150.22+575615.1 0.401 0 51638 19.187 0.021 55956 20.654 0.062 51908 56303 20.280 0.049     0 N/A      0 -1.0
092223.17+444629.0 0.536 1 52234 19.522 0.044 56334 20.878 0.099 52314 56338 20.679 0.074 57430 MMT      0  1.5
092702.30+043308.2 0.322 1 51960 18.641 0.016 56333 19.770 0.027 52254 56333 19.643 0.025 57819 MMT      1  3.1
093255.42+651647.0 0.502 0 55956 18.529 0.016 55957 21.233 0.144 54468 55957 21.233 0.144     0 N/A      0 -1.0
093258.25+531748.7 0.466 0 51961 18.892 0.021 56331 20.903 0.088 53764 56331 20.852 0.068     0 N/A      0 -1.0
093438.57+405629.8 0.648 0 52288 20.188 0.041 56338 18.982 0.034 52636 56338 18.982 0.034     0 N/A      0 -1.0
093912.65+033957.1 0.580 0 51960 18.547 0.033 56333 19.714 0.028 52266 56333 19.714 0.028     0 N/A      0 -1.0
093931.84+544909.2 0.292 0 51935 18.535 0.020 55867 20.255 0.058 52266 55867 20.255 0.058     0 N/A      0 -1.0
094014.01+303902.9 0.349 0 53081 18.668 0.025 55238 20.311 0.036 53415 55972 19.767 0.038 58183 MMT      0  2.6
094132.89+000731.1 0.489 0 51258 19.326 0.022 55632 21.403 0.142 51630 55973 20.649 0.051 57430 MMT      0  1.0
094307.46+523403.0 0.349 1 51962 19.680 0.023 56331 20.963 0.066 52281 56331 20.963 0.066 57430 MMT      0 -1.0
094422.93+112958.3 0.609 0 52667 19.010 0.028 56309 20.462 0.051 53053 56309 20.348 0.046     0 N/A      0 -1.0
094427.34+474008.3 0.511 0 52234 19.079 0.018 55969 20.713 0.087 52703 56331 20.167 0.045     0 N/A      0 -1.0
094443.08+580953.2 0.562 0 51638 17.933 0.022 55856 16.832 0.002 51915 56303 16.877 0.005     0 N/A      0 -1.0
094508.26+091616.3 0.633 0 55590 19.104 0.016 56333 20.449 0.070 52757 56333 20.449 0.070     0 N/A      0 -1.0
094522.76+334522.1 0.379 0 52755 18.830 0.025 55972 20.015 0.040 53387 56331 19.906 0.033 58183 MMT      0  1.9
094820.87+024501.6 0.348 1 55239 19.407 0.022 56028 20.833 0.079 51908 56028 20.833 0.079     0 N/A      0 -1.0
094838.89+052127.0 0.612 0 52338 19.025 0.024 56333 20.216 0.041 52725 56333 20.197 0.040     0 N/A      0 -1.0
095301.89+443016.7 0.350 1 52313 18.946 0.027 55972 20.964 0.089 52709 56338 20.807 0.074 57430 MMT      0  0.9
095547.89+085126.6 0.287 1 52615 19.083 0.020 56333 20.574 0.050 52734 56333 20.574 0.050     0 N/A      0 -1.0
095548.33+421507.8 0.364 0 52621 18.920 0.023 56335 20.641 0.075 52672 56338 20.370 0.054     0 N/A      0 -1.0
095753.44+215215.3 0.493 0 53359 19.728 0.021 55596 20.916 0.050 53737 55958 20.752 0.075     0 N/A      0 -1.0
095900.19+295738.3 0.459 0 53111 19.608 0.022 55945 20.899 0.075 53436 56359 20.733 0.072     0 N/A      0 -1.0
100126.85+054606.3 0.399 1 52318 19.407 0.020 56333 20.825 0.058 52731 56333 20.825 0.058 57430 MMT      0  1.0
100150.22+513545.5 0.403 0 52262 19.577 0.052 55983 21.423 0.121 52400 56331 20.818 0.066 57835 MMT      0  0.8
100220.17+450927.3 0.400 1 52288 19.223 0.023 55275 20.637 0.071 52376 56338 20.150 0.083 56683 BOSS     1 -1.0
100302.62+193251.2 0.467 0 53439 20.110 0.023 55946 18.724 0.020 53762 55946 18.724 0.020 58183 MMT      0  1.5
100400.92+524242.3 0.225 1 52262 18.669 0.022 55615 20.301 0.066 52400 55615 20.301 0.066     0 N/A      0 -1.0
101152.98+544206.4 0.246 1 52318 18.372 0.017 55838 19.879 0.014 52652 56331 19.736 0.026 57073 eBOSS    1 -1.0
101241.48+552945.8 0.488 0 52014 19.115 0.019 56355 20.256 0.054 52407 56355 20.256 0.054     0 N/A      0 -1.0
101347.80+594006.3 0.332 1 51874 19.385 0.083 55957 20.597 0.101 52316 56441 20.450 0.092 57816 MMT      0 -1.0
101935.23+483226.5 0.362 1 52263 18.780 0.016 56331 20.458 0.049 52674 56331 20.458 0.049 57426 WHT      0  3.2
102016.04+014231.7 0.448 1 51901 19.504 0.027 56029 20.934 0.067 51999 56029 20.925 0.063 57430 MMT      0 -1.0
102152.34+464515.6 0.204 1 52313 18.164 0.033 56303 19.606 0.026 52614 56338 19.513 0.025 56769 BOSS     1 -1.0
102714.15+060727.1 0.270 1 52338 18.346 0.027 56029 19.530 0.020 52750 56029 19.530 0.020 57819 MMT      0  1.2
102721.06+364344.3 0.615 0 53052 18.577 0.020 56310 20.810 0.143 53415 56331 20.667 0.066     0 N/A      0 -1.0
103045.00+104753.2 0.362 1 52622 19.392 0.029 55947 20.949 0.074 53089 55948 20.699 0.076 57430 MMT      0  2.2
103054.65+381556.8 0.535 0 52671 18.573 0.018 56338 20.016 0.041 53002 56338 19.887 0.040 58183 MMT      0  2.5
103904.53+194322.5 0.394 1 53441 19.298 0.018 55958 20.734 0.055 53770 55958 20.734 0.055 57430 MMT      0  0.6
104132.78-005057.4 0.303 0 51257 18.295 0.025 56336 21.409 0.103 51913 56336 21.116 0.078 57431 MMT      1 -1.0
104552.42+002410.3 0.556 0 51259 18.406 0.022 56029 20.036 0.030 51910 56029 20.036 0.030     0 N/A      0 -1.0
104705.16+544405.8 0.215 0 52262 17.507 0.017 56337 19.120 0.019 52368 56337 18.915 0.017     0 N/A      0 -1.0
104709.27+293446.9 0.458 1 53137 19.786 0.019 56310 20.923 0.103 53463 56335 20.813 0.058     0 N/A      0 -1.0
104856.85+344232.1 0.379 1 53080 18.641 0.021 55983 19.758 0.032 53431 56335 19.706 0.024     0 N/A      0 -1.0
105125.58+105621.5 0.602 0 52721 17.785 0.059 56357 19.294 0.034 53117 56357 19.294 0.034     0 N/A      0 -1.0
105203.55+151929.5 0.302 0 53525 18.860 0.027 56357 20.413 0.044 53852 56357 20.413 0.044     0 N/A      0 -1.0
105325.40+302419.3 0.248 0 53137 18.879 0.016 56334 20.506 0.077 53463 56334 20.506 0.077     0 N/A      0 -1.0
105513.88+242553.6 0.497 0 53405 19.566 0.028 55243 20.832 0.049 53793 56000 20.652 0.059     0 N/A      0 -1.0
105553.51+563434.4 0.322 1 52233 20.147 0.042 56441 18.653 0.028 52373 56441 18.653 0.028 57424 WHT      1  2.9
105810.57+031140.8 0.350 1 51669 19.876 0.020 55791 21.659 0.072 52366 56331 21.054 0.084     0 N/A      0 -1.0
105822.94+153534.1 0.348 1 55274 18.794 0.040 56016 20.165 0.046 53852 56016 20.165 0.046 57426 WHT      1  2.7
110146.57+511435.2 0.449 0 52287 19.611 0.043 55983 21.960 0.147 52353 56337 21.727 0.125     0 N/A      0 -1.0
110516.40+111800.9 0.337 1 52729 19.736 0.023 55999 20.831 0.070 53119 56357 20.750 0.054 57431 MMT      0 -1.0
111006.87+391859.9 0.597 0 53052 19.001 0.028 56338 20.175 0.042 53433 56338 20.089 0.044     0 N/A      0 -1.0
111329.68+531338.7 0.239 1 52261 18.894 0.030 56332 20.233 0.035 52649 56332 20.233 0.035 57425 WHT      1  4.7
111348.64+494522.4 0.659 1 52354 19.113 0.035 56303 20.606 0.046 52438 56303 20.606 0.046 57539 WHT      0  2.1
111830.74+025630.2 0.512 0 51669 19.144 0.019 55983 20.272 0.049 52636 56336 20.258 0.046     0 N/A      0 -1.0
113028.02+324113.2 0.424 0 53139 19.306 0.020 56334 21.085 0.112 53430 56334 21.085 0.112     0 N/A      0 -1.0
113416.81-001902.3 0.356 0 54210 19.479 0.024 56336 20.877 0.092 51658 56336 20.877 0.092 57835 MMT      1  1.7
113707.30+270616.8 0.465 0 53360 19.532 0.021 56421 20.702 0.058 53816 56421 20.702 0.058     0 N/A      0 -1.0
114004.01+432605.6 0.394 1 52724 19.491 0.025 55633 21.533 0.124 53062 56338 20.629 0.092 57431 MMT      0 -1.0
114227.15+514906.8 0.543 0 52263 19.287 0.020 55272 20.741 0.082 52367 56337 20.419 0.041     0 N/A      0 -1.0
114245.45+680236.5 0.404 1 51641 19.655 0.032 55638 20.962 0.054 51955 55685 20.919 0.052     0 N/A      0 -1.0
115219.25+105609.4 0.642 0 52345 18.725 0.027 56443 19.801 0.029 52733 56443 19.801 0.029     0 N/A      0 -1.0
115355.88+112554.2 0.310 0 52729 18.895 0.030 55240 20.839 0.059 53142 56443 20.729 0.057 54948 SDSS     1 -1.0
115557.88+034207.8 0.324 0 51668 19.596 0.019 55983 21.467 0.132 52051 56389 21.097 0.081     0 N/A      0 -1.0
115653.48+333146.9 0.221 1 53120 18.472 0.032 56392 19.556 0.025 53469 56392 19.536 0.027 57818 MMT      0  0.8
120038.96+322401.0 0.512 0 53120 19.150 0.024 55994 20.715 0.027 53474 56392 20.496 0.051     0 N/A      0 -1.0
120114.47+133137.0 0.379 0 52729 18.784 0.022 56359 20.272 0.040 53147 56443 19.903 0.031 57818 MMT      0  1.5
120447.91+170256.8 0.298 0 53522 16.963 0.016 56007 18.689 0.020 54207 56421 18.241 0.011     0 N/A      0 -1.0
120510.23+333532.2 0.299 0 53120 18.383 0.014 55629 19.855 0.035 53474 56392 19.517 0.027     0 N/A      0 -1.0
120555.34+424149.5 0.375 1 55276 19.453 0.023 55984 20.721 0.049 53120 56391 20.711 0.056 57895 MMT      0  1.7
120710.25+000806.1 0.383 1 51962 19.506 0.029 55634 21.016 0.074 51999 56392 20.553 0.046     0 N/A      0 -1.0
121033.30-011755.6 0.542 0 51586 18.453 0.020 56387 19.658 0.028 52367 56392 19.594 0.033     0 N/A      0 -1.0
121517.19+551235.5 0.313 1 52261 17.899 0.034 56391 19.365 0.021 52707 56391 19.365 0.021 57424 WHT      0  7.6
121739.24+430734.7 0.648 0 52730 18.979 0.017 55984 20.647 0.048 53120 56391 20.420 0.046     0 N/A      0 -1.0
122007.38+022431.6 0.159 1 51668 18.066 0.030 55242 19.178 0.017 52282 56392 19.093 0.017 57930 Palomar  0  3.9
122009.55-013201.1 0.287 1 51606 18.836 0.021 55242 20.187 0.036 52313 55242 20.187 0.036 57538 WHT      0  0.8
122018.43+064119.6 0.286 0 52730 17.548 0.015 56389 19.043 0.018 53472 56389 19.041 0.018 57818 MMT      0  3.4
122843.07+104059.2 0.375 0 52619 19.150 0.015 56443 20.421 0.045 52731 56443 20.421 0.045 57818 MMT      0  1.4
123228.08+141558.7 0.427 0 55243 19.248 0.032 56415 20.584 0.063 53442 56415 20.584 0.063 57835 MMT      0  0.9
123248.32+134945.1 0.505 0 52667 18.056 0.041 56415 19.139 0.021 53442 56415 19.139 0.021     0 N/A      0 -1.0
123359.12+084211.5 0.255 1 52730 18.715 0.030 56392 20.308 0.040 53474 56392 20.308 0.040 57539 WHT      1 11.9
123523.91+344321.5 0.597 0 53111 20.306 0.034 56029 21.605 0.100 53431 56392 21.535 0.136     0 N/A      0 -1.0
123658.10+455354.4 0.235 0 52724 18.375 0.027 56391 19.635 0.032 53062 56391 19.635 0.032     0 N/A      0 -1.0
124210.41+115223.8 0.298 1 52729 19.251 0.021 56015 20.703 0.060 53472 56015 20.703 0.060 57539 WHT      1  2.0
124259.98+450411.2 0.467 0 52722 19.559 0.024 55276 21.251 0.101 53063 56391 20.787 0.067     0 N/A      0 -1.0
124523.22+584047.0 0.611 0 52014 19.854 0.023 56358 21.263 0.118 54570 56358 21.599 0.168     0 N/A      0 -1.0
124805.45+514415.1 0.774 0 52287 19.676 0.073 56391 20.799 0.057 52381 56391 20.799 0.057     0 N/A      0 -1.0
125111.97+134717.9 0.460 0 52789 19.275 0.035 55243 20.783 0.067 53171 56415 21.312 0.157     0 N/A      0 -1.0
125444.95+035020.8 0.394 0 52015 18.442 0.022 56392 19.671 0.025 52669 56392 19.616 0.026     0 N/A      0 -1.0
125448.27+293240.3 0.628 0 53147 19.618 0.020 56000 21.665 0.131 53499 56392 21.212 0.097     0 N/A      0 -1.0
130430.57+433343.5 0.502 0 52722 18.679 0.019 56385 20.954 0.083 53083 56385 20.847 0.071     0 N/A      0 -1.0
132457.29+480241.2 0.272 1 52671 18.610 0.026 56388 19.883 0.068 52759 56395 19.697 0.030 56805 BOSS     1 -1.0
132743.53+654651.7 0.451 0 51640 19.948 0.040 55650 21.218 0.147 51988 56112 21.831 0.153     0 N/A      0 -1.0
132815.50+223823.8 0.486 1 53441 19.182 0.020 56370 20.728 0.059 54230 56370 20.728 0.059 57426 WHT      0  2.8
132931.37+202723.1 0.231 0 53441 18.380 0.029 56370 20.457 0.046 54230 56370 20.184 0.048 57930 Palomar  0  1.9
132935.42+221610.4 0.290 1 53439 18.837 0.020 56359 21.277 0.100 54230 56359 21.277 0.100     0 N/A      0 -1.0
133016.10+525101.8 0.162 1 56031 18.060 0.013 56395 15.908 0.026 52725 56395 15.908 0.026 57424 WHT      0  1.1
133223.55+184110.8 0.513 1 53500 20.469 0.030 56359 21.713 0.123 54230 56370 21.471 0.135     0 N/A      0 -1.0
133420.03+063832.7 0.536 0 52435 18.973 0.034 56032 17.679 0.008 54156 56393 17.961 0.010 57903 Palomar  0  3.1
133952.36+062528.2 0.335 0 52730 19.128 0.018 55305 21.236 0.131 54156 56393 20.692 0.071     0 N/A      0 -1.0
134104.40+671337.1 0.551 0 51640 19.377 0.026 56358 20.425 0.058 51989 56420 20.414 0.042 57930 Palomar  0  2.1
134402.37+110550.4 0.385 0 52729 18.546 0.015 56415 19.651 0.027 53142 56415 19.651 0.027     0 N/A      0 -1.0
134418.69+034649.3 0.327 1 51987 18.315 0.021 56393 19.643 0.033 52373 56393 19.643 0.033 57424 WHT      0  4.3
134438.37+053711.4 0.397 0 52015 18.329 0.022 56393 20.400 0.062 52373 56393 20.384 0.055     0 N/A      0 -1.0
134551.66+425755.3 0.451 0 52724 18.908 0.027 56389 20.344 0.062 52814 56393 20.326 0.050     0 N/A      0 -1.0
134855.57+255854.3 0.480 0 53168 18.596 0.017 55992 20.002 0.034 53535 56094 19.949 0.024     0 N/A      0 -1.0
134926.68+214132.6 0.641 0 53439 19.013 0.019 55654 20.486 0.048 54527 56359 20.086 0.038     0 N/A      0 -1.0
135415.36+594051.8 0.612 0 52051 19.733 0.028 56414 18.635 0.017 52320 56420 18.686 0.015     0 N/A      0 -1.0
140325.35+011338.6 0.255 1 51668 18.942 0.038 56391 20.135 0.050 52028 56391 20.130 0.046     0 N/A      0 -1.0
140337.55+043126.2 0.538 0 52015 18.430 0.023 55679 20.441 0.066 52045 56393 20.115 0.039     0 N/A      0 -1.0
140506.21+171707.9 0.340 1 55328 17.893 0.009 56422 19.238 0.020 54509 56422 19.238 0.020 57424 WHT      0  5.2
140914.75+183126.8 0.410 0 53500 18.954 0.019 56007 20.013 0.044 54523 56422 19.956 0.034     0 N/A      0 -1.0
140935.07-010446.6 0.639 0 51258 19.198 0.019 55681 20.512 0.073 51688 56386 20.227 0.040     0 N/A      0 -1.0
141213.61+021202.1 0.295 0 51668 18.229 0.016 56033 19.282 0.023 51993 56391 19.166 0.023 57818 MMT      1  1.7
142046.16+304406.9 0.624 0 53110 18.887 0.021 56393 20.188 0.055 54252 56422 20.037 0.031     0 N/A      0 -1.0
142308.36+372359.5 0.511 0 52758 19.351 0.021 56387 20.749 0.086 53089 56393 20.534 0.051     0 N/A      0 -1.0
142310.49+045455.0 0.608 0 51674 19.093 0.027 55298 20.583 0.081 52049 56393 20.320 0.049     0 N/A      0 -1.0
143101.65-004251.6 0.334 0 51258 18.967 0.033 56370 20.498 0.054 51690 56390 20.429 0.066 57835 MMT      0  2.5
143233.52+065044.6 0.583 0 52076 19.214 0.029 55298 20.800 0.058 53531 56392 20.707 0.076     0 N/A      0 -1.0
143233.96-012145.4 0.521 0 52053 18.808 0.023 56033 20.269 0.045 52404 56390 20.012 0.049     0 N/A      0 -1.0
143428.58+591728.7 0.534 0 52047 19.744 0.024 56414 21.025 0.120 52342 56451 21.138 0.179     0 N/A      0 -1.0
143455.31+572345.0 0.175 1 52046 17.370 0.015 55674 18.913 0.015 52441 55674 18.913 0.015 57426 WHT      1  4.3
143921.55+343412.1 0.602 0 52755 18.996 0.023 56031 20.364 0.030 53172 56393 20.046 0.040     0 N/A      0 -1.0
144702.87+273746.7 0.224 0 53138 18.501 0.020 55666 20.142 0.060 54208 56422 19.883 0.034 57930 Palomar  1  1.8
145026.65+583944.9 0.210 1 55334 19.002 0.016 56414 17.938 0.011 52081 56414 17.938 0.011 57894 MMT      1  1.0
145339.24+220655.7 0.500 0 53168 19.427 0.015 56422 21.280 0.134 54526 56422 20.712 0.060     0 N/A      0 -1.0
145403.79+591801.5 0.303 1 51961 18.779 0.033 56414 20.363 0.064 52081 56414 20.363 0.064 57426 WHT      0  7.9
145519.88+364800.4 0.525 1 52722 19.181 0.016 56393 20.565 0.051 52790 56393 20.565 0.051 57426 WHT      0  1.1
150431.10+263259.9 0.507 0 52821 19.203 0.018 56422 20.604 0.053 54539 56422 20.604 0.053     0 N/A      0 -1.0
151307.39+035659.0 0.355 0 51987 19.988 0.026 56394 21.598 0.129 52057 56394 21.719 0.176     0 N/A      0 -1.0
151341.69+294710.2 0.597 0 52815 19.110 0.017 56061 21.434 0.104 54144 56390 21.369 0.143     0 N/A      0 -1.0
151400.08+332049.8 0.513 0 52758 19.290 0.018 56390 20.959 0.125 53116 56393 20.907 0.088     0 N/A      0 -1.0
151418.48+081525.9 0.344 1 52729 19.297 0.020 56041 20.727 0.063 53876 56394 20.664 0.061 57596 Magellan 0 -1.0
151604.24+355024.8 0.592 0 52811 18.358 0.016 55888 19.518 0.009 53083 56393 19.507 0.038 57930 Palomar  0  3.1
151910.46+351430.0 0.636 0 52722 19.620 0.026 56038 20.643 0.062 52814 56393 20.627 0.086     0 N/A      0 -1.0
152044.63+394930.3 0.439 1 52313 19.769 0.021 56037 21.240 0.069 52736 56395 20.985 0.119 57895 MMT      0  0.9
153142.08+132834.5 0.398 0 53500 19.014 0.019 56067 20.801 0.058 54265 56427 20.447 0.058 57835 MMT      1  2.0
153240.87+433225.2 0.388 0 52402 18.845 0.020 56037 20.549 0.053 52466 56395 20.157 0.041     0 N/A      0 -1.0
153612.80+034245.7 0.365 0 51674 18.417 0.020 56392 19.522 0.027 52026 56394 19.490 0.026 57835 MMT      1  7.2
153728.69+012030.4 0.336 1 52052 19.025 0.018 56370 20.500 0.043 54562 56370 20.500 0.043 57426 WHT      0  2.9
153734.06+461358.9 0.378 1 52403 19.474 0.021 55334 20.951 0.049 52781 56037 20.529 0.056 57819 MMT      1  3.6
153912.76+524540.2 0.415 1 51639 20.073 0.023 56037 21.266 0.087 52378 56453 21.220 0.101 57894 MMT      1  1.9
153926.83+200256.6 0.473 0 53148 19.334 0.024 56422 20.713 0.064 54232 56422 20.713 0.064     0 N/A      0 -1.0
154304.76+053929.2 0.538 0 52757 19.794 0.020 56453 21.297 0.084 54559 56453 21.297 0.084     0 N/A      0 -1.0
154318.39+513042.9 0.402 1 52046 19.796 0.019 56037 21.486 0.093 52401 56453 21.163 0.102 57895 MMT      1  0.8
154341.64+385319.3 0.432 0 52788 18.842 0.031 56444 20.146 0.034 53171 56461 20.092 0.036 57818 MMT      0  1.5
154642.82+035054.5 0.577 0 51987 21.335 0.052 55935 22.645 0.111 54559 55935 22.645 0.111     0 N/A      0 -1.0
154852.67+534248.1 0.492 0 51639 19.174 0.021 56042 21.696 0.136 52049 56453 20.702 0.071     0 N/A      0 -1.0
155203.13+055001.6 0.489 0 52757 19.452 0.018 56453 21.279 0.075 53172 56456 20.866 0.075     0 N/A      0 -1.0
160111.26+474509.6 0.297 1 52052 19.286 0.021 56037 20.989 0.066 52354 56450 20.688 0.063 57895 MMT      1  3.5
160226.01+323019.1 0.557 0 52710 18.620 0.016 56470 19.674 0.031 52825 56470 19.674 0.031 58037 MMT      0  0.8
160742.94+432816.4 0.596 0 52434 17.826 0.019 56037 18.959 0.016 52756 56452 18.859 0.027 57903 Palomar  0  5.6
161055.95+185041.6 0.629 0 53846 19.763 0.025 56063 21.165 0.098 54585 56422 21.032 0.073     0 N/A      0 -1.0
161156.29+451610.9 0.368 1 52046 19.266 0.016 56461 20.481 0.044 52443 56461 20.481 0.044 57895 MMT      0 -1.0
161407.07+513354.5 0.348 1 51661 19.238 0.016 56450 20.988 0.076 52051 56453 20.586 0.090 57894 MMT      1  1.9
161602.39+482201.2 0.576 0 51639 19.094 0.023 56453 20.624 0.070 52054 56453 20.229 0.074 57930 Palomar  0  3.2
161711.42+063833.4 0.229 0 52754 16.988 0.013 56041 19.546 0.031 53501 56453 19.491 0.022 57596 Magellan 1  6.5
162415.02+455130.0 0.481 1 51639 19.200 0.020 55678 20.508 0.083 52377 55678 20.508 0.083 57539 WHT      1  4.5
162515.99+222953.8 0.382 1 52760 19.223 0.019 55705 20.565 0.041 53240 55705 20.565 0.041 57989 MMT      0  2.2
162829.18+432948.5 0.260 1 51639 18.397 0.017 56452 19.755 0.026 52057 56452 19.755 0.026 57424 WHT      0  2.5
163031.47+410145.8 0.531 0 52052 18.720 0.017 56452 20.012 0.034 52379 56461 19.987 0.032 58183 MMT      0  1.4
163110.01+384457.4 0.585 0 52434 19.010 0.017 56461 21.400 0.107 52790 56461 21.400 0.107     0 N/A      0 -1.0
164053.05+451033.7 0.422 1 51667 19.164 0.021 56087 20.741 0.064 52051 56461 20.699 0.051 57430 MMT      0  1.8
164420.80+401123.3 0.610 0 51639 18.956 0.016 56452 20.044 0.036 52050 56461 19.959 0.031     0 N/A      0 -1.0
164920.77+630431.2 0.323 1 51638 19.429 0.019 56424 21.048 0.094 51699 56424 20.646 0.065 57430 MMT      1  2.2
165430.72+395419.7 0.340 1 51991 19.210 0.017 56452 20.956 0.096 52050 56452 20.956 0.096 57430 MMT      0  1.4
165532.71+423340.7 0.403 1 51667 19.742 0.023 56093 21.214 0.105 52079 56093 21.115 0.084 57895 MMT      0  1.3
165611.69+232720.2 0.491 0 52788 19.369 0.017 55714 21.312 0.114 52912 56427 20.916 0.102     0 N/A      0 -1.0
172001.57+543439.2 0.424 0 51638 19.250 0.017 56459 21.039 0.107 51997 56459 21.039 0.107     0 N/A      0 -1.0
172932.33+552503.1 0.587 0 51640 20.420 0.030 56447 21.733 0.133 51818 56447 21.733 0.133     0 N/A      0 -1.0
173350.14+585054.5 0.588 0 51640 19.989 0.021 56424 21.605 0.119 52017 56424 21.605 0.119     0 N/A      0 -1.0
205623.36+003544.0 0.693 0 52577 19.807 0.016 56507 21.037 0.091 52914 56516 20.965 0.082     0 N/A      0 -1.0
210200.42+000501.8 0.329 1 52053 19.039 0.017 55414 20.551 0.058 52431 56507 20.235 0.049 57989 MMT      1  5.8
211242.88-000639.2 0.607 0 52197 18.971 0.009 56507 20.306 0.070 52443 56507 20.306 0.070     0 N/A      0 -1.0
212436.64-065722.1 0.430 0 51790 19.579 0.017 56513 21.349 0.083 52200 56513 21.291 0.077 57543 MMT      0  2.3
214613.31+000930.8 0.621 0 51467 21.555 0.070 54056 19.985 0.034 52968 56516 20.588 0.078 55478 BOSS     1 -1.0
214852.50-000554.7 0.811 0 53312 21.700 0.099 56516 20.159 0.040 52933 56516 20.206 0.042 57595 Magellan 1  1.1
220153.57-083443.7 0.211 0 52171 18.080 0.021 56512 19.098 0.019 52468 56512 19.098 0.019 57726 MMT      0  2.2
220537.71-071114.5 0.295 1 51790 18.589 0.016 55804 20.085 0.052 52468 56516 19.771 0.031 57989 MMT      1  3.6
220851.96-010603.7 0.352 0 53313 17.884 0.006 56149 19.138 0.018 51788 56516 18.996 0.018 58037 MMT      0  1.1
223133.89+003312.7 0.476 1 52935 19.540 0.022 56516 21.279 0.082 52201 56516 21.237 0.081 57989 MMT      1  2.8
223500.50-004940.7 0.642 0 52172 20.508 0.031 53655 19.164 0.022 52201 56516 19.373 0.023 58037 MMT      0  1.5
224829.47+144418.0 0.424 0 52170 18.773 0.015 56545 20.255 0.043 52263 56588 20.190 0.035 57543 MMT      1  1.6
225240.37+010958.7 0.534 0 51464 21.271 0.054 55446 19.207 0.020 55500 56575 21.001 0.082 57598 Magellan 1  3.7
230248.88+134553.4 0.382 0 51878 19.201 0.017 56538 18.057 0.010 52263 56545 18.070 0.010 57989 MMT      0  9.1
230427.86-000803.2 0.526 0 53704 19.888 0.017 56567 21.453 0.148 52884 56575 21.245 0.089 57989 MMT      0  3.5
231216.77+143723.1 0.671 0 51814 18.796 0.016 55825 20.642 0.051 52251 56588 20.060 0.051 57595 Magellan 0  2.2
231742.68+011425.2 0.518 0 52578 19.354 0.012 55446 21.151 0.091 52177 56575 20.747 0.059 57726 MMT      1  2.0
232029.75-103827.0 0.308 1 51875 18.503 0.023 56534 19.926 0.029 52203 56625 19.823 0.035 57596 Magellan 0  3.1
233317.38-002303.4 0.513 0 52931 21.808 0.068 56206 19.545 0.021 52199 56206 19.545 0.021 55447 BOSS     1 -1.0
233517.82-004927.0 0.670 0 54040 19.454 0.031 56575 21.173 0.070 52525 56575 21.173 0.070     0 N/A      0 -1.0
233555.42-011131.9 0.477 0 51081 19.100 0.014 56575 20.760 0.067 52525 56575 20.440 0.048 57596 Magellan 0 -1.0
233843.40-105719.5 0.337 1 51813 19.428 0.027 56539 20.943 0.082 52553 56543 20.657 0.080 57597 Magellan 1  0.9
235107.43-091318.0 0.355 0 51865 19.528 0.033 56218 21.248 0.105 52201 56625 20.925 0.071 57989 MMT      1  4.3
235109.73-100607.7 0.595 0 51875 19.820 0.043 55796 21.632 0.126 52559 56543 21.702 0.165 57598 Magellan 0 -1.0
